385
1058
1088
1103
1073
1074
1072
32
1076
1072
32
1089
1077
32
1087
1088
1080
1073
1077
1088
1077
1096
32
1074
32
1082
1098
1097
1072
1090
1072
32
1089
1080
44
32
1085
1086
32
1087
1098
1090
1103
1090
32
1084
1080
1085
1072
1074
1072
13
10
1087
1088
1077
1079
32
1087
1086
1083
1077
44
32
1087
1098
1083
1085
1086
32
1089
32
1076
1091
1093
1086
1074
1077
46
32
1047
1085
1072
1077
1096
32
1077
1076
1085
1072
32
1084
1072
1075
1080
1103
44
32
1089
32
1082
1086
1103
1090
1086
13
10
1076
1072
32
1089
1090
1088
1077
1083
1103
1096
32
1087
1086
32
1090
1103
1093
44
32
1085
1086
32
1090
1103
32
1085
1077
32
1077
32
1084
1085
1086
1075
1086
32
1089
1080
1083
1085
1072
46
32
1057
32
1076
1077
1089
1085
1080
1103
13
10
1073
1091
1090
1086
1085
32
1085
1072
32
1084
1080
1096
1082
1072
1090
1072
32
1087
1086
1089
1086
1095
1074
1072
1096
32
1082
1098
1076
1077
32
1097
1077
32
1086
1090
1080
1076
1077
1096
44
32
1072
32
1089
32
13
10
1083
1077
1074
1080
1103
32
1073
1091
1090
1086
1085
32
1089
1090
1088
1077
1083
1103
1096
46
32
1050
1086
1075
1072
1090
1086
32
1091
1073
1080
1077
1096
32
1076
1091
1093
44
32
1087
1086
1085
1103
1082
1086
1075
1072
32
13
10
1090
1086
1081
32
1080
1079
1087
1091
1089
1082
1072
32
1089
1072
1085
1076
1098
1095
1077
32
1089
1098
1089
32
1089
1098
1082
1088
1086
1074
1080
1097
1077
44
32
1074
32
1082
1086
1077
1090
1086
32
1084
1086
1078
1077
32
13
10
1076
1072
32
1080
1084
1072
32
1083
1077
1082
1072
1088
1089
1090
1074
1086
32
1079
1072
32
1074
1098
1079
1089
1090
1072
1085
1086
1074
1103
1074
1072
1085
1077
32
1080
1083
1080
32
1086
1090
1074
1072
1088
1072
32
1079
1072
32
13
10
1089
1080
1083
1072
32
1080
1083
1080
32
1086
1090
1074
1072
1088
1072
32
1079
1072
32
1073
1088
1086
1085
1103
46
13
10
0
