0
1
54
1
79
0
1
1044
1072
1085
1080
1077
1083
1095
1086
0
65278
65278
65278
65278
65278
65278
65278
1
301.019
204.674
136
20
1
101
2
-1744.75
1705.8
3
-3200.94
1610.52
2
-2121.68
655.52
3
-3745.51
1867.07
4
-1068.67
3047.21
4
-2005.74
3002.52
0
-3235.61
1021.49
1
-1294.41
1242.42
2
-2103.77
213.133
1
-3235.38
372.831
4
-4057.82
2245.92
4
-4249.71
2724.44
4
-1621.37
1118.56
2
-3483.07
937.234
0
-1528.92
1806.5
4
-3939.07
182.844
0
-1055.35
519.554
0
-3029.76
1017.58
1
-2365.36
926.182
1
-2300.51
1719.49
0
-3004.6
2792.72
0
-869.225
1963.51
3
-1114.52
2678.43
4
-4045.92
3184.32
3
-3757.04
407.575
1
-3357.47
2792.24
4
-916.652
2496.24
4
-1267.18
342.537
0
-1460.36
2702.97
3
-2353.92
2739.88
0
-1432.97
3147.92
4
-3692.76
754.973
2
-634.442
1271.54
0
-1359.91
1592.99
2
-1517.94
2614.02
3
-1536.69
1461.5
1
-718.981
2705.05
1
-3405.45
2455.29
1
-2028.53
2764.47
4
-3479.07
3269.8
3
-474.249
2684.61
0
-451.272
198.642
4
-2588.21
2685.59
4
-598.743
576.862
2
-3819.05
2998
2
-4180.05
804.32
4
-1069.47
1119.18
1
-3374.54
3003.56
4
-1217.68
3267.86
0
-3919.81
753.131
4
-578.094
2899.16
0
-3825.44
2701.1
4
-3165.39
1013.17
0
-2480.62
2055.8
3
-1285.05
1572.21
0
-3160.62
1690.03
1
-4373.67
1619.27
4
-2447.04
1563.17
4
-2250.17
1570.75
1
-2228.21
1146.22
2
-3956.9
833.967
2
-1593.73
282.797
3
-1039.82
1944.43
1
-3652.54
998.759
4
-2652.52
1567.96
4
-2350.86
2338.5
2
-563.779
720.392
4
-1143.63
760.754
0
-770.768
3069.21
2
-4418.47
2787.72
1
-3838.88
2360.7
1
-1103.82
641.82
3
-4068.61
2597.44
0
-2804.08
2193.15
1
-2910.11
1884.37
0
-2344.03
2457.63
0
-2712.52
1956.46
2
-3176.48
2760.99
3
-1461.89
928.817
1
-1817.8
1502.89
3
-2879.39
1843.27
4
-2578.91
1792.2
3
-3136.98
1905.02
4
-1843.97
761.246
4
-4215.94
2049.89
1
-4065.62
2919.64
3
-544.295
1736.38
0
-3538.92
987.918
3
-2497.47
1910.05
3
-4012.26
351.359
1
-963.221
2657.38
3
-3341.94
1134.38
1
-3632
2982.67
2
-773.047
1368.28
4
-1895.93
2072.11
0
-819.678
496.535
3
-3133
361.463
0
-1755.99
3061.83
3
-731.882
3156.16
2
-1414.22
853.92
5
-3164.2
3250
1
3
60.8001
74.4809
92.8
106.481
3
3
3832.85
-190.992
50
8
0
3
544.588
-33.55
50
8
0
0
-14.8002
415.584
100
10
0
